$ANSIBLE_VAULT;1.1;AES256
65303466396439633636653031613536366361633966633239353238386332356164663361393434
6365643232353737383537383866313962616238353939300a313030393631333930623865613336
37336364356263323839306335356631656664356330343633663561346337613637383362323138
3030346638633739650a646266643566313332393166626130633665393835386438393233343066
32313566363431306666383636303461343334306537396337303735613130373961333635663161
65653234643132343639356434333935346161316639326433343039613634643430653866663638
31316566333531353462363739623137396435366230363533616336633930666532373433343039
65613234373165343665623737623563363264336230396466623764323730313962393131636231
65303831653033373334666566393037366163626564633162383034663138633163393834346664
63363738666264323861316130346130323134363465653436316638636533663435383336646466
62646663663331323739303837393033343331363862373262663666636632626133666231383636
38363438383433363533383234376664343930323838313035326239323637326232383131393330
38393730646539303766613539633131313030376435386537666264646261653064376531643530
65613163386163393264613562653137306538376562613466613138636466666631626238613066
35643135303664353065623564333066663934663761343863353465383662366335393437343064
36303062323962356434386462623132663362633962343661366266313262353966396337333866
63313133636334353030616663636436313137663538313964353535336330383066636630383732
66633762373663376637373962626433653966666130356166346132626231366566333134306263
35316262316162323534636463346662623334646439643736623563393866353763323065623731
64366639353234643730303761303335623266633337613361316432633734313539373662636663
30613739383431373462373062656331613261636638646632626636343761636366353138376131
35653731303739623962326466383338343130343064303030646331343630336561616665653264
63656365666338653836306138313862633263366561353333326437616634346166303138316561
62323039643662346361633133643139336163303330633764383631373131353862653139336161
39636634336234313064356664386564333035663435393936313765323333323863303631376437
36396162343936333139353034343762363332363963646433363831623239646261333834663339
62303139363836343363313664666232366263623636633732636330303039373630663661333331
39646464363037303230643637623162306666366437386631643265323832663564383537613230
62336537333631303835303132306237663761373562613566313364636362613034336666663861
64306537323239653939633639636464396234656366383166376665393264393362643131643337
61316230313162323034343834616430313134353033303636643333386165346563346538313062
37336537393439343466313365383933333432323563373631623939386133626266656537623163
36643930646432363464373130393237326566373161353931633135316331323065373061616262
35343766383235666563653736353336393064373261363066396535383830613061306564316336
35663666643863346662343238613761633739393730326137346638336362386131306134313839
35663264326165633537636265386232616435313031623237626361383831346235316263383031
65613632353530306234373764393437386261333563333666653765626164643464336135656266
37363666393866323439666430316434346530323536373539363365643565623534306431303063
33346634363939353737383330366236633731393366303163333061346562626535313034373339
63383135653436383565356339653066383537393933633064306533383233303637326562656665
36386230623466393734353232613833396465386537383531303133386536336535336161386130
32663235613166353661373137643031666166393836386165626333613064346335376538313831
39386436353536303866396630346530636639653233626437333831346637626162353832393864
62343463656265333431626166316331386533363730343430653739343136356139333835343134
62356232643036643765363338356530653333343436353134313763626463343963313464633665
33653335356437653766643737373339376133363463323436653063633632636534393966663565
61633161343132316233343065313532623735333662316436626433626165646235626663653863
36323930306265616331386561316664636634626466646638346438326532626431343963616662
30363166313834326632613865653838333761386330653037336633383838633639613637646435
38366636646539313638333763343261653538396635613766356235333361633831393566316464
32323730613439373165396237623665643335643566623133643739333062393937373263383833
34653231663138616134663963623337313861326339373532396561613364393564653065393237
62366337333339373631303637303433633562623230656336303336353938616539626432336231
64643465653262626638326439306436306533353266633965353139346235663461386365303965
36333030646462616363366164366635626437633433333936653637633963653637303862316630
35393839313939623538373762313136366437613837396437306131646161323735613635653635
38353438363830346364653832306633333936326465316339343336313632316138386465373736
62333834343437656134326535383463653536386364333231636439336431646638393932666632
30643936663162633662653133313531326261373965323463373431333965393964393362353734
38636135336432613537313066623332336334306666346166653732613262356433366332376430
61366164373331666538633533653236386334383330643638356136316662366536376538396538
66306163623337646437323230393566316364316466353634373537386235643236386165353335
63616136373264643762333066396561666161656335383031353031353633346433653938363762
62663439323239353863313937343033313334633036303131633439366137656532646230626438
61393333626530366566623735363363373663663663653930636637613336653465633163623739
64353536386535313835663666363961306264316239343165386638306533376464353464366366
39303536653039343835613163363836333137626435663163386366386438336432646461336638
38366338383261633230366436383362363465396336386664613762323331323630616532646262
35373633626265326236393362366565306630393866363734343635313833303163306334323434
66623165653335313132323966363563623065633266373233653434306633316434646164366166
37623362396538333134313237386539366539383232353764363761356131643532613130323161
38346664623933393531626137363063666631653562343363366336336264303832663937623161
37626436613830376263376263363865393639383137636538303030333464613664376330393563
39633731616637323539633034383338343039346233396631343861343962643037616336613661
64376262336164643761656230343636336463663033383333353238333530333136333166356139
32366333313035323733326638303331373836373538643835386666623766376236353363666566
39663533396633373135653539636239613566636461633632396131313462346664653430353231
36323035653439333634616638373061313536613066363236323365373332376233323033353832
61623735643838373032323538656365663734303935363032383236666536353036333032663139
37646539663032343161363334656463613334623737353334323834626162633464363437376637
61366561366261643965383136313164633731613237643134363363306464323535656432356163
64323530336632613634383465346665613061316431386536376562353031636363623133656263
61653838616661326365353266306537386532313831313733323536313962306232363531623031
66323131383164396633653031303033633332643761633735663937656366623433346462613230
61643731363362343731656331343432616365333537663139366534616135373864623864363436
62383436646435303239303563333065303763306636336261643938633061636234303362353538
31383464613664626634653038393266343637383430623161346462363763346432646564663439
63343666663463333135
