$ANSIBLE_VAULT;1.1;AES256
66336566613239393665653432336531363132366232363234663863356161356230643561396634
3835326662303137366563393338666430653266393366360a616365366464663033656533303362
36613935396231363933636534636230396635336366353231626563363465643439333831613132
3966303037353963640a336463393338373339643166396330353964303730393334393332623332
66343735326130633236393634326231336531633365303936323531363332353435616663626436
34663330373063396536623430633766386464666462633736656561636333383163313935326338
65373231356666383932333836616637323231393665623062643637666264623066636232663861
33303733326132636162303361326532653732326532393837343433636665313533356636663266
34623961626430376561393766623935336438383664613264393161326665633533393834303065
37663537616633366466383066656239323766646264356665336364616234643766623731663433
63663137333534323562383332356238346163366234383930373362633464373230383132663934
61326130383263343263396336623364623833326566343731613739343735663862623931626662
66643066383938623865613662373038613864386236313837346665643661653638336364346236
62636134363166623830353263343434393266343964353665376664326231623530636539333034
66343639343038313936383036363937383035376333396237313834306662653532643338373661
31313535623162353963343936373133626233343731323132613465623534666334356333666238
66646435613839663830636137343938366566313432363663313338643932663362643036346165
30333936336138613466623762636437313263303334623234653233613466646133303134393730
32303731343533396235393565313137353562623762633139643038373762376234623864656465
65333530636562306336373864323536333132663137393864336531643731623133653539613362
33376366356262306265356563663839316132616364303435396263353034356434386234306431
63363834306464643037316266343630366234643462653434373061366234656435353437363539
38336338616630396131326638633133353563326366316563316462613963363033343332613936
65363232316238313236
